37 57 1332 36736 358167 679598

0 7
0 13
0 14
0 18
1 25
1 30
1 35
2 20
2 21
2 29
3 8
3 30
3 35
4 9
4 14
4 23
4 27
4 34
5 13
5 18
6 20
6 21
6 26
7 11
7 26
8 16
8 27
9 24
9 31
10 13
10 18
11 12
12 14
12 23
12 32
15 24
15 31
15 34
16 34
17 18
17 20
17 29
18 26
19 21
19 26
19 36
21 28
22 23
22 28
22 36
23 33
25 28
26 32
27 33
28 35
32 36
33 35

0 1 179
0 2 465
0 3 101
0 4 883
0 5 1626
0 6 418
0 7 748
0 8 217
0 9 229
0 10 136
0 11 1640
0 12 1112
0 13 1361
0 14 1103
0 15 156
0 16 965
0 17 253
0 18 1815
0 19 468
0 20 429
0 21 402
0 22 830
0 23 825
0 24 187
0 25 596
0 26 622
0 27 378
0 28 673
0 29 388
0 30 142
0 31 336
0 32 594
0 33 269
0 34 958
0 35 106
0 36 351
1 0 179
1 2 194
1 3 83
1 4 254
1 5 349
1 6 142
1 7 103
1 8 126
1 9 64
1 10 36
1 11 242
1 12 254
1 13 333
1 14 240
1 15 55
1 16 464
1 17 95
1 18 358
1 19 156
1 20 172
1 21 162
1 22 323
1 23 278
1 24 54
1 25 420
1 26 144
1 27 135
1 28 387
1 29 164
1 30 162
1 31 106
1 32 158
1 33 112
1 34 427
1 35 62
1 36 107
2 0 465
2 1 194
2 3 103
2 4 549
2 5 962
2 6 650
2 7 283
2 8 203
2 9 138
2 10 98
2 11 624
2 12 640
2 13 857
2 14 553
2 15 110
2 16 800
2 17 312
2 18 1009
2 19 587
2 20 775
2 21 769
2 22 918
2 23 652
2 24 119
2 25 760
2 26 454
2 27 279
2 28 835
2 29 583
2 30 153
2 31 223
2 32 431
2 33 216
2 34 757
2 35 109
2 36 290
3 0 101
3 1 83
3 2 103
3 4 163
3 5 178
3 6 76
3 7 60
3 8 157
3 9 37
3 10 19
3 11 143
3 12 157
3 13 165
3 14 143
3 15 30
3 16 396
3 17 45
3 18 185
3 19 92
3 20 86
3 21 92
3 22 213
3 23 192
3 24 28
3 25 203
3 26 82
3 27 98
3 28 246
3 29 79
3 30 122
3 31 57
3 32 101
3 33 99
3 34 310
3 35 64
3 36 64
4 0 883
4 1 254
4 2 549
4 3 163
4 5 1442
4 6 456
4 7 468
4 8 389
4 9 398
4 10 136
4 11 1259
4 12 1336
4 13 1360
4 14 1773
4 15 215
4 16 1878
4 17 287
4 18 1501
4 19 531
4 20 495
4 21 482
4 22 1071
4 23 1221
4 24 241
4 25 783
4 26 560
4 27 826
4 28 903
4 29 455
4 30 222
4 31 469
4 32 689
4 33 449
4 34 1908
4 35 174
4 36 426
5 0 1626
5 1 349
5 2 962
5 3 178
5 4 1442
5 6 904
5 7 885
5 8 375
5 9 390
5 10 439
5 11 1796
5 12 1617
5 13 3628
5 14 1595
5 15 317
5 16 1687
5 17 572
5 18 5626
5 19 885
5 20 939
5 21 790
5 22 1506
5 23 1423
5 24 373
5 25 1192
5 26 1174
5 27 626
5 28 1298
5 29 851
5 30 262
5 31 673
5 32 928
5 33 496
5 34 1682
5 35 183
5 36 634
6 0 418
6 1 142
6 2 650
6 3 76
6 4 456
6 5 904
6 7 264
6 8 157
6 9 117
6 10 92
6 11 555
6 12 551
6 13 762
6 14 473
6 15 90
6 16 634
6 17 247
6 18 966
6 19 515
6 20 571
6 21 471
6 22 695
6 23 525
6 24 100
6 25 508
6 26 475
6 27 226
6 28 570
6 29 424
6 30 114
6 31 184
6 32 374
6 33 170
6 34 608
6 35 82
6 36 239
7 0 748
7 1 103
7 2 283
7 3 60
7 4 468
7 5 885
7 6 264
7 8 129
7 9 117
7 10 76
7 11 980
7 12 691
7 13 692
7 14 543
7 15 79
7 16 550
7 17 140
7 18 1064
7 19 309
7 20 254
7 21 250
7 22 519
7 23 488
7 24 93
7 25 341
7 26 488
7 27 215
7 28 395
7 29 224
7 30 85
7 31 168
7 32 409
7 33 149
7 34 537
7 35 65
7 36 215
8 0 217
8 1 126
8 2 203
8 3 157
8 4 389
8 5 375
8 6 157
8 7 129
8 9 86
8 10 40
8 11 319
8 12 354
8 13 348
8 14 329
8 15 63
8 16 1119
8 17 91
8 18 392
8 19 189
8 20 174
8 21 183
8 22 426
8 23 437
8 24 62
8 25 344
8 26 176
8 27 254
8 28 419
8 29 160
8 30 140
8 31 124
8 32 219
8 33 292
8 34 753
8 35 129
8 36 138
9 0 229
9 1 64
9 2 138
9 3 37
9 4 398
9 5 390
9 6 117
9 7 117
9 8 86
9 10 38
9 11 297
9 12 286
9 13 384
9 14 447
9 15 64
9 16 411
9 17 75
9 18 398
9 19 129
9 20 128
9 21 119
9 22 248
9 23 257
9 24 84
9 25 194
9 26 141
9 27 144
9 28 217
9 29 119
9 30 55
9 31 155
9 32 155
9 33 95
9 34 452
9 35 39
9 36 98
10 0 136
10 1 36
10 2 98
10 3 19
10 4 136
10 5 439
10 6 92
10 7 76
10 8 40
10 9 38
10 11 161
10 12 148
10 13 440
10 14 149
10 15 29
10 16 174
10 17 58
10 18 358
10 19 86
10 20 99
10 21 79
10 22 147
10 23 133
10 24 35
10 25 118
10 26 106
10 27 62
10 28 128
10 29 90
10 30 29
10 31 61
10 32 88
10 33 46
10 34 174
10 35 20
10 36 57
11 0 1640
11 1 242
11 2 624
11 3 143
11 4 1259
11 5 1796
11 6 555
11 7 980
11 8 319
11 9 297
11 10 161
11 12 2146
11 13 1530
11 14 1510
11 15 190
11 16 1377
11 17 313
11 18 1997
11 19 667
11 20 558
11 21 557
11 22 1212
11 23 1244
11 24 224
11 25 796
11 26 841
11 27 565
11 28 926
11 29 499
11 30 203
11 31 407
11 32 1005
11 33 372
11 34 1342
11 35 158
11 36 515
12 0 1112
12 1 254
12 2 640
12 3 157
12 4 1336
12 5 1617
12 6 551
12 7 691
12 8 354
12 9 286
12 10 148
12 11 2146
12 13 1421
12 14 1389
12 15 189
12 16 1493
12 17 311
12 18 1759
12 19 707
12 20 559
12 21 589
12 22 1389
12 23 1602
12 24 215
12 25 839
12 26 775
12 27 664
12 28 1002
12 29 500
12 30 216
12 31 401
12 32 1377
12 33 420
12 34 1414
12 35 180
12 36 629
13 0 1361
13 1 333
13 2 857
13 3 165
13 4 1360
13 5 3628
13 6 762
13 7 692
13 8 348
13 9 384
13 10 440
13 11 1530
13 12 1421
13 14 1491
13 15 321
13 16 1599
13 17 539
13 18 3210
13 19 752
13 20 849
13 21 696
13 22 1336
13 23 1294
13 24 390
13 25 1116
13 26 884
13 27 579
13 28 1196
13 29 790
13 30 247
13 31 684
13 32 791
13 33 467
13 34 1619
13 35 167
13 36 568
14 0 1103
14 1 240
14 2 553
14 3 143
14 4 1773
14 5 1595
14 6 473
14 7 543
14 8 329
14 9 447
14 10 149
14 11 1510
14 12 1389
14 13 1491
14 15 210
14 16 1513
14 17 293
14 18 1667
14 19 539
14 20 506
14 21 481
14 22 1035
14 23 1107
14 24 259
14 25 755
14 26 609
14 27 603
14 28 861
14 29 462
14 30 204
14 31 469
14 32 700
14 33 378
14 34 1551
14 35 153
14 36 419
15 0 156
15 1 55
15 2 110
15 3 30
15 4 215
15 5 317
15 6 90
15 7 79
15 8 63
15 9 64
15 10 29
15 11 190
15 12 189
15 13 321
15 14 210
15 16 304
15 17 67
15 18 318
15 19 95
15 20 105
15 21 92
15 22 184
15 23 186
15 24 65
15 25 164
15 26 99
15 27 93
15 28 175
15 29 100
15 30 45
15 31 166
15 32 104
15 33 74
15 34 345
15 35 28
15 36 76
16 0 965
16 1 464
16 2 800
16 3 396
16 4 1878
16 5 1687
16 6 634
16 7 550
16 8 1119
16 9 411
16 10 174
16 11 1377
16 12 1493
16 13 1599
16 14 1513
16 15 304
16 17 386
16 18 1750
16 19 742
16 20 707
16 21 706
16 22 1587
16 23 1683
16 24 292
16 25 1273
16 26 724
16 27 1118
16 28 1484
16 29 652
16 30 473
16 31 605
16 32 879
16 33 919
16 34 4907
16 35 354
16 36 554
17 0 253
17 1 95
17 2 312
17 3 45
17 4 287
17 5 572
17 6 247
17 7 140
17 8 91
17 9 75
17 10 58
17 11 313
17 12 311
17 13 539
17 14 293
17 15 67
17 16 386
17 18 577
17 19 209
17 20 453
17 21 214
17 22 358
17 23 306
17 24 72
17 25 334
17 26 205
17 27 134
17 28 342
17 29 593
17 30 71
17 31 137
17 32 188
17 33 110
17 34 376
17 35 46
17 36 135
18 0 1815
18 1 358
18 2 1009
18 3 185
18 4 1501
18 5 5626
18 6 966
18 7 1064
18 8 392
18 9 398
18 10 358
18 11 1997
18 12 1759
18 13 3210
18 14 1667
18 15 318
18 16 1750
18 17 577
18 19 967
18 20 966
18 21 840
18 22 1612
18 23 1510
18 24 371
18 25 1231
18 26 1432
18 27 658
18 28 1355
18 29 866
18 30 271
18 31 676
18 32 1027
18 33 515
18 34 1732
18 35 193
18 36 677
19 0 468
19 1 156
19 2 587
19 3 92
19 4 531
19 5 885
19 6 515
19 7 309
19 8 189
19 9 129
19 10 86
19 11 667
19 12 707
19 13 752
19 14 539
19 15 95
19 16 742
19 17 209
19 18 967
19 20 432
19 21 681
19 22 1120
19 23 699
19 24 105
19 25 571
19 26 543
19 27 276
19 28 703
19 29 359
19 30 130
19 31 196
19 32 551
19 33 205
19 34 695
19 35 103
19 36 364
20 0 429
20 1 172
20 2 775
20 3 86
20 4 495
20 5 939
20 6 571
20 7 254
20 8 174
20 9 128
20 10 99
20 11 558
20 12 559
20 13 849
20 14 506
20 15 105
20 16 707
20 17 453
20 18 966
20 19 432
20 21 459
20 22 701
20 23 551
20 24 114
20 25 623
20 26 400
20 27 244
20 28 651
20 29 908
20 30 133
20 31 213
20 32 360
20 33 189
20 34 681
20 35 90
20 36 241
21 0 402
21 1 162
21 2 769
21 3 92
21 4 482
21 5 790
21 6 471
21 7 250
21 8 183
21 9 119
21 10 79
21 11 557
21 12 589
21 13 696
21 14 481
21 15 92
21 16 706
21 17 214
21 18 840
21 19 681
21 20 459
21 22 1033
21 23 620
21 24 99
21 25 641
21 26 403
21 27 253
21 28 794
21 29 379
21 30 132
21 31 186
21 32 420
21 33 195
21 34 658
21 35 101
21 36 290
22 0 830
22 1 323
22 2 918
22 3 213
22 4 1071
22 5 1506
22 6 695
22 7 519
22 8 426
22 9 248
22 10 147
22 11 1212
22 12 1389
22 13 1336
22 14 1035
22 15 184
22 16 1587
22 17 358
22 18 1612
22 19 1120
22 20 701
22 21 1033
22 23 1737
22 24 199
22 25 1199
22 26 769
22 27 603
22 28 1700
22 29 611
22 30 278
22 31 377
22 32 1074
22 33 467
22 34 1433
22 35 255
22 36 878
23 0 825
23 1 278
23 2 652
23 3 192
23 4 1221
23 5 1423
23 6 525
23 7 488
23 8 437
23 9 257
23 10 133
23 11 1244
23 12 1602
23 13 1294
23 14 1107
23 15 186
23 16 1683
23 17 306
23 18 1510
23 19 699
23 20 551
23 21 620
23 22 1737
23 24 200
23 25 927
23 26 637
23 27 792
23 28 1180
23 29 497
23 30 246
23 31 385
23 32 1042
23 33 549
23 34 1486
23 35 245
23 36 711
24 0 187
24 1 54
24 2 119
24 3 28
24 4 241
24 5 373
24 6 100
24 7 93
24 8 62
24 9 84
24 10 35
24 11 224
24 12 215
24 13 390
24 14 259
24 15 65
24 16 292
24 17 72
24 18 371
24 19 105
24 20 114
24 21 99
24 22 199
24 23 200
24 25 168
24 26 114
24 27 99
24 28 181
24 29 108
24 30 43
24 31 161
24 32 117
24 33 76
24 34 315
24 35 28
24 36 83
25 0 596
25 1 420
25 2 760
25 3 203
25 4 783
25 5 1192
25 6 508
25 7 341
25 8 344
25 9 194
25 10 118
25 11 796
25 12 839
25 13 1116
25 14 755
25 15 164
25 16 1273
25 17 334
25 18 1231
25 19 571
25 20 623
25 21 641
25 22 1199
25 23 927
25 24 168
25 26 489
25 27 411
25 28 1828
25 29 583
25 30 306
25 31 326
25 32 535
25 33 343
25 34 1168
25 35 189
25 36 375
26 0 622
26 1 144
26 2 454
26 3 82
26 4 560
26 5 1174
26 6 475
26 7 488
26 8 176
26 9 141
26 10 106
26 11 841
26 12 775
26 13 884
26 14 609
26 15 99
26 16 724
26 17 205
26 18 1432
26 19 543
26 20 400
26 21 403
26 22 769
26 23 637
26 24 114
26 25 489
26 27 273
26 28 569
26 29 339
26 30 119
26 31 206
26 32 540
26 33 193
26 34 698
26 35 91
26 36 298
27 0 378
27 1 135
27 2 279
27 3 98
27 4 826
27 5 626
27 6 226
27 7 215
27 8 254
27 9 144
27 10 62
27 11 565
27 12 664
27 13 579
27 14 603
27 15 93
27 16 1118
27 17 134
27 18 658
27 19 276
27 20 244
27 21 253
27 22 603
27 23 792
27 24 99
27 25 411
27 26 273
27 28 497
27 29 222
27 30 126
27 31 194
27 32 369
27 33 328
27 34 953
27 35 114
27 36 228
28 0 673
28 1 387
28 2 835
28 3 246
28 4 903
28 5 1298
28 6 570
28 7 395
28 8 419
28 9 217
28 10 128
28 11 926
28 12 1002
28 13 1196
28 14 861
28 15 175
28 16 1484
28 17 342
28 18 1355
28 19 703
28 20 651
28 21 794
28 22 1700
28 23 1180
28 24 181
28 25 1828
28 26 569
28 27 497
28 29 590
28 30 324
28 31 351
28 32 664
28 33 420
28 34 1328
28 35 258
28 36 470
29 0 388
29 1 164
29 2 583
29 3 79
29 4 455
29 5 851
29 6 424
29 7 224
29 8 160
29 9 119
29 10 90
29 11 499
29 12 500
29 13 790
29 14 462
29 15 100
29 16 652
29 17 593
29 18 866
29 19 359
29 20 908
29 21 379
29 22 611
29 23 497
29 24 108
29 25 583
29 26 339
29 27 222
29 28 590
29 30 125
29 31 202
29 32 315
29 33 174
29 34 631
29 35 82
29 36 214
30 0 142
30 1 162
30 2 153
30 3 122
30 4 222
30 5 262
30 6 114
30 7 85
30 8 140
30 9 55
30 10 29
30 11 203
30 12 216
30 13 247
30 14 204
30 15 45
30 16 473
30 17 71
30 18 271
30 19 130
30 20 133
30 21 132
30 22 278
30 23 246
30 24 43
30 25 306
30 26 119
30 27 126
30 28 324
30 29 125
30 31 84
30 32 137
30 33 107
30 34 414
30 35 64
30 36 88
31 0 336
31 1 106
31 2 223
31 3 57
31 4 469
31 5 673
31 6 184
31 7 168
31 8 124
31 9 155
31 10 61
31 11 407
31 12 401
31 13 684
31 14 469
31 15 166
31 16 605
31 17 137
31 18 676
31 19 196
31 20 213
31 21 186
31 22 377
31 23 385
31 24 161
31 25 326
31 26 206
31 27 194
31 28 351
31 29 202
31 30 84
31 32 217
31 33 150
31 34 685
31 35 55
31 36 158
32 0 594
32 1 158
32 2 431
32 3 101
32 4 689
32 5 928
32 6 374
32 7 409
32 8 219
32 9 155
32 10 88
32 11 1005
32 12 1377
32 13 791
32 14 700
32 15 104
32 16 879
32 17 188
32 18 1027
32 19 551
32 20 360
32 21 420
32 22 1074
32 23 1042
32 24 117
32 25 535
32 26 540
32 27 369
32 28 664
32 29 315
32 30 137
32 31 217
32 33 247
32 34 818
32 35 117
32 36 599
33 0 269
33 1 112
33 2 216
33 3 99
33 4 449
33 5 496
33 6 170
33 7 149
33 8 292
33 9 95
33 10 46
33 11 372
33 12 420
33 13 467
33 14 378
33 15 74
33 16 919
33 17 110
33 18 515
33 19 205
33 20 189
33 21 195
33 22 467
33 23 549
33 24 76
33 25 343
33 26 193
33 27 328
33 28 420
33 29 174
33 30 107
33 31 150
33 32 247
33 34 679
33 35 121
33 36 170
34 0 958
34 1 427
34 2 757
34 3 310
34 4 1908
34 5 1682
34 6 608
34 7 537
34 8 753
34 9 452
34 10 174
34 11 1342
34 12 1414
34 13 1619
34 14 1551
34 15 345
34 16 4907
34 17 376
34 18 1732
34 19 695
34 20 681
34 21 658
34 22 1433
34 23 1486
34 24 315
34 25 1168
34 26 698
34 27 953
34 28 1328
34 29 631
34 30 414
34 31 685
34 32 818
34 33 679
34 35 284
34 36 511
35 0 106
35 1 62
35 2 109
35 3 64
35 4 174
35 5 183
35 6 82
35 7 65
35 8 129
35 9 39
35 10 20
35 11 158
35 12 180
35 13 167
35 14 153
35 15 28
35 16 354
35 17 46
35 18 193
35 19 103
35 20 90
35 21 101
35 22 255
35 23 245
35 24 28
35 25 189
35 26 91
35 27 114
35 28 258
35 29 82
35 30 64
35 31 55
35 32 117
35 33 121
35 34 284
35 36 77
36 0 351
36 1 107
36 2 290
36 3 64
36 4 426
36 5 634
36 6 239
36 7 215
36 8 138
36 9 98
36 10 57
36 11 515
36 12 629
36 13 568
36 14 419
36 15 76
36 16 554
36 17 135
36 18 677
36 19 364
36 20 241
36 21 290
36 22 878
36 23 711
36 24 83
36 25 375
36 26 298
36 27 228
36 28 470
36 29 214
36 30 88
36 31 158
36 32 599
36 33 170
36 34 511
36 35 77
