39 122 1482 104220 1068247 2032274

0 33
0 34
1 2
1 3
1 38
2 1
2 35
2 36
3 1
3 4
3 36
3 37
4 3
4 11
4 33
4 35
4 36
5 6
5 7
5 37
6 5
6 7
6 8
6 11
6 31
7 5
7 6
7 21
8 6
8 10
9 10
9 12
9 32
10 8
10 9
10 11
10 15
11 4
11 6
11 10
12 9
12 13
12 14
12 15
13 12
13 15
13 16
13 29
14 12
14 17
14 27
15 10
15 12
15 13
15 31
16 13
16 20
16 23
16 31
17 14
17 18
17 28
17 29
18 17
18 22
18 26
18 27
19 22
19 27
20 16
20 23
20 25
20 30
21 7
21 23
21 24
21 31
22 18
22 19
23 16
23 20
23 21
23 30
24 21
24 30
25 20
25 26
25 28
26 18
26 25
27 14
27 18
27 19
28 17
28 25
29 13
29 17
30 20
30 23
30 24
31 6
31 15
31 16
31 21
32 9
32 33
33 0
33 4
33 32
34 0
34 35
35 2
35 4
35 34
36 2
36 3
36 4
37 3
37 5
37 38
38 1
38 37

0 1 1770
0 2 973
0 3 170
0 4 136
0 5 55
0 6 384
0 7 321
0 8 83
0 9 268
0 10 146
0 11 256
0 12 666
0 13 117
0 14 349
0 15 192
0 16 85
0 17 177
0 18 1189
0 19 197
0 20 80
0 21 78
0 22 304
0 23 274
0 24 263
0 25 437
0 26 329
0 27 289
0 28 145
0 29 129
0 30 131
0 31 80
0 32 65
0 33 241
0 34 3428
0 35 863
0 36 281
0 37 326
0 38 281
1 0 1770
1 2 19465
1 3 6106
1 4 1546
1 5 906
1 6 4348
1 7 3637
1 8 868
1 9 2160
1 10 1390
1 11 2784
1 12 5753
1 13 1045
1 14 2960
1 15 1789
1 16 801
1 17 1522
1 18 10114
1 19 1607
1 20 737
1 21 817
1 22 2542
1 23 2611
1 24 2554
1 25 3813
1 26 2827
1 27 2400
1 28 1254
1 29 1155
1 30 1287
1 31 790
1 32 447
1 33 774
1 34 3556
1 35 2265
1 36 4865
1 37 8690
1 38 30034
2 0 973
2 1 19465
2 3 1418
2 4 643
2 5 282
2 6 1595
2 7 1337
2 8 328
2 9 888
2 10 543
2 11 1056
2 12 2323
2 13 418
2 14 1205
2 15 705
2 16 315
2 17 618
2 18 4137
2 19 665
2 20 294
2 21 311
2 22 1046
2 23 1027
2 24 1005
2 25 1546
2 26 1152
2 27 985
2 28 509
2 29 462
2 30 504
2 31 306
2 32 191
2 33 377
2 34 2046
2 35 1417
2 36 11724
2 37 2085
2 38 2509
3 0 170
3 1 6106
3 2 1418
3 4 221
3 5 97
3 6 442
3 7 358
3 8 89
3 9 220
3 10 144
3 11 334
3 12 573
3 13 103
3 14 289
3 15 179
3 16 78
3 17 148
3 18 965
3 19 153
3 20 71
3 21 79
3 22 241
3 23 252
3 24 240
3 25 365
3 26 270
3 27 232
3 28 121
3 29 113
3 30 122
3 31 78
3 32 45
3 33 78
3 34 346
3 35 219
3 36 407
3 37 1144
3 38 967
4 0 136
4 1 1546
4 2 643
4 3 221
4 5 54
4 6 307
4 7 239
4 8 67
4 9 182
4 10 113
4 11 353
4 12 439
4 13 76
4 14 216
4 15 136
4 16 56
4 17 109
4 18 691
4 19 111
4 20 50
4 21 53
4 22 172
4 23 178
4 24 162
4 25 262
4 26 193
4 27 171
4 28 88
4 29 83
4 30 83
4 31 56
4 32 39
4 33 71
4 34 280
4 35 171
4 36 195
4 37 367
4 38 251
5 0 55
5 1 906
5 2 282
5 3 97
5 4 54
5 6 364
5 7 281
5 8 62
5 9 111
5 10 86
5 11 169
5 12 309
5 13 57
5 14 152
5 15 105
5 16 46
5 17 78
5 18 498
5 19 76
5 20 39
5 21 52
5 22 122
5 23 148
5 24 136
5 25 193
5 26 140
5 27 119
5 28 64
5 29 62
5 30 71
5 31 49
5 32 20
5 33 28
5 34 107
5 35 63
5 36 77
5 37 379
5 38 173
6 0 384
6 1 4348
6 2 1595
6 3 442
6 4 307
6 5 364
6 7 7026
6 8 1432
6 9 1128
6 10 1197
6 11 1141
6 12 3569
6 13 705
6 14 1658
6 15 1481
6 16 642
6 17 856
6 18 5035
6 19 745
6 20 464
6 21 849
6 22 1195
6 23 1934
6 24 1470
6 25 2059
6 26 1450
6 27 1228
6 28 700
6 29 753
6 30 823
6 31 855
6 32 179
6 33 204
6 34 721
6 35 414
6 36 438
6 37 1206
6 38 776
7 0 321
7 1 3637
7 2 1337
7 3 358
7 4 239
7 5 281
7 6 7026
7 8 692
7 9 864
7 10 784
7 11 801
7 12 2835
7 13 578
7 14 1392
7 15 1106
7 16 553
7 17 730
7 18 4484
7 19 650
7 20 426
7 21 1109
7 22 1063
7 23 1830
7 24 1510
7 25 1839
7 26 1291
7 27 1053
7 28 609
7 29 636
7 30 859
7 31 695
7 32 142
7 33 168
7 34 600
7 35 344
7 36 365
7 37 971
7 38 650
8 0 83
8 1 868
8 2 328
8 3 89
8 4 67
8 5 62
8 6 1432
8 7 692
8 9 310
8 10 524
8 11 276
8 12 976
8 13 185
8 14 409
8 15 473
8 16 157
8 17 207
8 18 1130
8 19 169
8 20 103
8 21 142
8 22 266
8 23 421
8 24 287
8 25 466
8 26 327
8 27 290
8 28 165
8 29 188
8 30 160
8 31 218
8 32 44
8 33 45
8 34 155
8 35 88
8 36 90
8 37 233
8 38 153
9 0 268
9 1 2160
9 2 888
9 3 220
9 4 182
9 5 111
9 6 1128
9 7 864
9 8 310
9 10 809
9 11 636
9 12 4743
9 13 589
9 14 1705
9 15 1024
9 16 333
9 17 777
9 18 3773
9 19 642
9 20 268
9 21 224
9 22 913
9 23 909
9 24 668
9 25 1475
9 26 1076
9 27 1176
9 28 566
9 29 578
9 30 354
9 31 302
9 32 308
9 33 166
9 34 492
9 35 272
9 36 247
9 37 514
9 38 369
10 0 146
10 1 1390
10 2 543
10 3 144
10 4 113
10 5 86
10 6 1197
10 7 784
10 8 524
10 9 809
10 11 470
10 12 2391
10 13 398
10 14 851
10 15 1216
10 16 277
10 17 415
10 18 2081
10 19 320
10 20 180
10 21 190
10 22 490
10 23 690
10 24 457
10 25 858
10 26 603
10 27 575
10 28 318
10 29 377
10 30 252
10 31 319
10 32 93
10 33 83
10 34 272
10 35 153
10 36 150
10 37 357
10 38 242
11 0 256
11 1 2784
11 2 1056
11 3 334
11 4 353
11 5 169
11 6 1141
11 7 801
11 8 276
11 9 636
11 10 470
11 12 1473
11 13 253
11 14 677
11 15 486
11 16 187
11 17 339
11 18 2023
11 19 323
11 20 154
11 21 173
11 22 497
11 23 562
11 24 474
11 25 784
11 26 572
11 27 517
11 28 270
11 29 268
11 30 248
11 31 195
11 32 116
11 33 147
11 34 497
11 35 288
11 36 301
11 37 802
11 38 482
12 0 666
12 1 5753
12 2 2323
12 3 573
12 4 439
12 5 309
12 6 3569
12 7 2835
12 8 976
12 9 4743
12 10 2391
12 11 1473
12 13 5321
12 14 11246
12 15 5560
12 16 1677
12 17 4536
12 18 15065
12 19 2353
12 20 1200
12 21 810
12 22 3402
12 23 3944
12 24 2385
12 25 6474
12 26 4463
12 27 5335
12 28 2889
12 29 4008
12 30 1307
12 31 1279
12 32 491
12 33 384
12 34 1222
12 35 681
12 36 642
12 37 1372
12 38 992
13 0 117
13 1 1045
13 2 418
13 3 103
13 4 76
13 5 57
13 6 705
13 7 578
13 8 185
13 9 589
13 10 398
13 11 253
13 12 5321
13 14 2069
13 15 1193
13 16 542
13 17 1012
13 18 3117
13 19 437
13 20 316
13 21 178
13 22 670
13 23 1042
13 24 513
13 25 1480
13 26 953
13 27 987
13 28 686
13 29 2355
13 30 290
13 31 312
13 32 74
13 33 65
13 34 214
13 35 120
13 36 115
13 37 250
13 38 181
14 0 349
14 1 2960
14 2 1205
14 3 289
14 4 216
14 5 152
14 6 1658
14 7 1392
14 8 409
14 9 1705
14 10 851
14 11 677
14 12 11246
14 13 2069
14 15 1724
14 16 819
14 17 11098
14 18 12620
14 19 1927
14 20 799
14 21 415
14 22 2667
14 23 2229
14 24 1398
14 25 5618
14 26 3856
14 27 7075
14 28 3524
14 29 2549
14 30 754
14 31 569
14 32 235
14 33 197
14 34 636
14 35 354
14 36 331
14 37 689
14 38 509
15 0 192
15 1 1789
15 2 705
15 3 179
15 4 136
15 5 105
15 6 1481
15 7 1106
15 8 473
15 9 1024
15 10 1216
15 11 486
15 12 5560
15 13 1193
15 14 1724
15 16 748
15 17 843
15 18 3677
15 19 540
15 20 362
15 21 315
15 22 833
15 23 1423
15 24 761
15 25 1610
15 26 1088
15 27 1048
15 28 631
15 29 960
15 30 433
15 31 737
15 32 121
15 33 108
15 34 355
15 35 200
15 36 194
15 37 443
15 38 311
16 0 85
16 1 801
16 2 315
16 3 78
16 4 56
16 5 46
16 6 642
16 7 553
16 8 157
16 9 333
16 10 277
16 11 187
16 12 1677
16 13 542
16 14 819
16 15 748
16 17 447
16 18 2075
16 19 274
16 20 313
16 21 199
16 22 448
16 23 1665
16 24 480
16 25 1000
16 26 632
16 27 526
16 28 371
16 29 636
16 30 294
16 31 472
16 32 47
16 33 46
16 34 156
16 35 88
16 36 86
16 37 194
16 38 139
17 0 177
17 1 1522
17 2 618
17 3 148
17 4 109
17 5 78
17 6 856
17 7 730
17 8 207
17 9 777
17 10 415
17 11 339
17 12 4536
17 13 1012
17 14 11098
17 15 843
17 16 447
17 18 7887
17 19 1066
17 20 491
17 21 223
17 22 1555
17 23 1267
17 24 776
17 25 3893
17 26 2521
17 27 4012
17 28 3729
17 29 1462
17 30 420
17 31 298
17 32 112
17 33 99
17 34 324
17 35 180
17 36 170
17 37 353
17 38 262
18 0 1189
18 1 10114
18 2 4137
18 3 965
18 4 691
18 5 498
18 6 5035
18 7 4484
18 8 1130
18 9 3773
18 10 2081
18 11 2023
18 12 15065
18 13 3117
18 14 12620
18 15 3677
18 16 2075
18 17 7887
18 19 11852
18 20 3005
18 21 1376
18 22 37252
18 23 7231
18 24 5851
18 25 43810
18 26 104079
18 27 15155
18 28 8625
18 29 4077
18 30 2985
18 31 1534
18 32 649
18 33 646
18 34 2157
18 35 1202
18 36 1132
18 37 2289
18 38 1741
19 0 197
19 1 1607
19 2 665
19 3 153
19 4 111
19 5 76
19 6 745
19 7 650
19 8 169
19 9 642
19 10 320
19 11 323
19 12 2353
19 13 437
19 14 1927
19 15 540
19 16 274
19 17 1066
19 18 11852
19 20 327
19 21 190
19 22 4212
19 23 899
19 24 752
19 25 2880
19 26 2795
19 27 2783
19 28 931
19 29 534
19 30 381
19 31 214
19 32 115
19 33 109
19 34 357
19 35 197
19 36 182
19 37 360
19 38 275
20 0 80
20 1 737
20 2 294
20 3 71
20 4 50
20 5 39
20 6 464
20 7 426
20 8 103
20 9 268
20 10 180
20 11 154
20 12 1200
20 13 316
20 14 799
20 15 362
20 16 313
20 17 491
20 18 3005
20 19 327
20 21 154
20 22 591
20 23 1623
20 24 611
20 25 1783
20 26 970
20 27 599
20 28 502
20 29 463
20 30 368
20 31 181
20 32 42
20 33 43
20 34 147
20 35 82
20 36 80
20 37 173
20 38 128
21 0 78
21 1 817
21 2 311
21 3 79
21 4 53
21 5 52
21 6 849
21 7 1109
21 8 142
21 9 224
21 10 190
21 11 173
21 12 810
21 13 178
21 14 415
21 15 315
21 16 199
21 17 223
21 18 1376
21 19 190
21 20 154
21 22 317
21 23 780
21 24 565
21 25 587
21 26 401
21 27 312
21 28 190
21 29 203
21 30 369
21 31 238
21 32 36
21 33 41
21 34 145
21 35 82
21 36 84
21 37 204
21 38 144
22 0 304
22 1 2542
22 2 1046
22 3 241
22 4 172
22 5 122
22 6 1195
22 7 1063
22 8 266
22 9 913
22 10 490
22 11 497
22 12 3402
22 13 670
22 14 2667
22 15 833
22 16 448
22 17 1555
22 18 37252
22 19 4212
22 20 591
22 21 317
22 23 1547
22 24 1351
22 25 5837
22 26 6739
22 27 3241
22 28 1503
22 29 842
22 30 676
22 31 346
22 32 164
22 33 165
22 34 550
22 35 306
22 36 286
22 37 569
22 38 436
23 0 274
23 1 2611
23 2 1027
23 3 252
23 4 178
23 5 148
23 6 1934
23 7 1830
23 8 421
23 9 909
23 10 690
23 11 562
23 12 3944
23 13 1042
23 14 2229
23 15 1423
23 16 1665
23 17 1267
23 18 7231
23 19 899
23 20 1623
23 21 780
23 22 1547
23 24 2210
23 25 3553
23 26 2210
23 27 1601
23 28 1145
23 29 1350
23 30 1522
23 31 929
23 32 141
23 33 147
23 34 504
23 35 284
23 36 281
23 37 626
23 38 455
24 0 263
24 1 2554
24 2 1005
24 3 240
24 4 162
24 5 136
24 6 1470
24 7 1510
24 8 287
24 9 668
24 10 457
24 11 474
24 12 2385
24 13 513
24 14 1398
24 15 761
24 16 480
24 17 776
24 18 5851
24 19 752
24 20 611
24 21 565
24 22 1351
24 23 2210
24 25 2441
24 26 1693
24 27 1145
24 28 702
24 29 624
24 30 3672
24 31 410
24 32 117
24 33 136
24 34 483
24 35 274
24 36 273
24 37 593
24 38 445
25 0 437
25 1 3813
25 2 1546
25 3 365
25 4 262
25 5 193
25 6 2059
25 7 1839
25 8 466
25 9 1475
25 10 858
25 11 784
25 12 6474
25 13 1480
25 14 5618
25 15 1610
25 16 1000
25 17 3893
25 18 43810
25 19 2880
25 20 1783
25 21 587
25 22 5837
25 23 3553
25 24 2441
25 26 21613
25 27 5451
25 28 5580
25 29 2105
25 30 1295
25 31 682
25 32 241
25 33 238
25 34 796
25 35 445
25 36 423
25 37 875
25 38 658
26 0 329
26 1 2827
26 2 1152
26 3 270
26 4 193
26 5 140
26 6 1450
26 7 1291
26 8 327
26 9 1076
26 10 603
26 11 572
26 12 4463
26 13 953
26 14 3856
26 15 1088
26 16 632
26 17 2521
26 18 104079
26 19 2795
26 20 970
26 21 401
26 22 6739
26 23 2210
26 24 1693
26 25 21613
26 27 4415
26 28 3047
26 29 1281
26 30 875
26 31 455
26 32 181
26 33 179
26 34 598
26 35 334
26 36 315
26 37 643
26 38 487
27 0 289
27 1 2400
27 2 985
27 3 232
27 4 171
27 5 119
27 6 1228
27 7 1053
27 8 290
27 9 1176
27 10 575
27 11 517
27 12 5335
27 13 987
27 14 7075
27 15 1048
27 16 526
27 17 4012
27 18 15155
27 19 2783
27 20 599
27 21 312
27 22 3241
27 23 1601
27 24 1145
27 25 5451
27 26 4415
27 28 2775
27 29 1244
27 30 601
27 31 385
27 32 186
27 33 162
27 34 524
27 35 291
27 36 270
27 37 548
27 38 412
28 0 145
28 1 1254
28 2 509
28 3 121
28 4 88
28 5 64
28 6 700
28 7 609
28 8 165
28 9 566
28 10 318
28 11 270
28 12 2889
28 13 686
28 14 3524
28 15 631
28 16 371
28 17 3729
28 18 8625
28 19 931
28 20 502
28 21 190
28 22 1503
28 23 1145
28 24 702
28 25 5580
28 26 3047
28 27 2775
28 29 1056
28 30 380
28 31 243
28 32 86
28 33 80
28 34 264
28 35 147
28 36 139
28 37 290
28 38 216
29 0 129
29 1 1155
29 2 462
29 3 113
29 4 83
29 5 62
29 6 753
29 7 636
29 8 188
29 9 578
29 10 377
29 11 268
29 12 4008
29 13 2355
29 14 2549
29 15 960
29 16 636
29 17 1462
29 18 4077
29 19 534
29 20 463
29 21 203
29 22 842
29 23 1350
29 24 624
29 25 2105
29 26 1281
29 27 1244
29 28 1056
29 30 355
29 31 326
29 32 79
29 33 72
29 34 237
29 35 132
29 36 127
29 37 274
29 38 200
30 0 131
30 1 1287
30 2 504
30 3 122
30 4 83
30 5 71
30 6 823
30 7 859
30 8 160
30 9 354
30 10 252
30 11 248
30 12 1307
30 13 290
30 14 754
30 15 433
30 16 294
30 17 420
30 18 2985
30 19 381
30 20 368
30 21 369
30 22 676
30 23 1522
30 24 3672
30 25 1295
30 26 875
30 27 601
30 28 380
30 29 355
30 31 249
30 32 60
30 33 68
30 34 242
30 35 137
30 36 137
30 37 303
30 38 225
31 0 80
31 1 790
31 2 306
31 3 78
31 4 56
31 5 49
31 6 855
31 7 695
31 8 218
31 9 302
31 10 319
31 11 195
31 12 1279
31 13 312
31 14 569
31 15 737
31 16 472
31 17 298
31 18 1534
31 19 214
31 20 181
31 21 238
31 22 346
31 23 929
31 24 410
31 25 682
31 26 455
31 27 385
31 28 243
31 29 326
31 30 249
31 32 43
31 33 43
31 34 148
31 35 84
31 36 84
31 37 198
31 38 138
32 0 65
32 1 447
32 2 191
32 3 45
32 4 39
32 5 20
32 6 179
32 7 142
32 8 44
32 9 308
32 10 93
32 11 116
32 12 491
32 13 74
32 14 235
32 15 121
32 16 47
32 17 112
32 18 649
32 19 115
32 20 42
32 21 36
32 22 164
32 23 141
32 24 117
32 25 241
32 26 181
32 27 186
32 28 86
32 29 79
32 30 60
32 31 43
32 33 46
32 34 119
32 35 64
32 36 53
32 37 101
32 38 75
33 0 241
33 1 774
33 2 377
33 3 78
33 4 71
33 5 28
33 6 204
33 7 168
33 8 45
33 9 166
33 10 83
33 11 147
33 12 384
33 13 65
33 14 197
33 15 108
33 16 46
33 17 99
33 18 646
33 19 109
33 20 43
33 21 41
33 22 165
33 23 147
33 24 136
33 25 238
33 26 179
33 27 162
33 28 80
33 29 72
33 30 68
33 31 43
33 32 46
33 34 407
33 35 187
33 36 109
33 37 156
33 38 126
34 0 3428
34 1 3556
34 2 2046
34 3 346
34 4 280
34 5 107
34 6 721
34 7 600
34 8 155
34 9 492
34 10 272
34 11 497
34 12 1222
34 13 214
34 14 636
34 15 355
34 16 156
34 17 324
34 18 2157
34 19 357
34 20 147
34 21 145
34 22 550
34 23 504
34 24 483
34 25 796
34 26 598
34 27 524
34 28 264
34 29 237
34 30 242
34 31 148
34 32 119
34 33 407
34 35 3297
34 36 603
34 37 642
34 38 560
35 0 863
35 1 2265
35 2 1417
35 3 219
35 4 171
35 5 63
35 6 414
35 7 344
35 8 88
35 9 272
35 10 153
35 11 288
35 12 681
35 13 120
35 14 354
35 15 200
35 16 88
35 17 180
35 18 1202
35 19 197
35 20 82
35 21 82
35 22 306
35 23 284
35 24 274
35 25 445
35 26 334
35 27 291
35 28 147
35 29 132
35 30 137
35 31 84
35 32 64
35 33 187
35 34 3297
35 36 428
35 37 392
35 38 351
36 0 281
36 1 4865
36 2 11724
36 3 407
36 4 195
36 5 77
36 6 438
36 7 365
36 8 90
36 9 247
36 10 150
36 11 301
36 12 642
36 13 115
36 14 331
36 15 194
36 16 86
36 17 170
36 18 1132
36 19 182
36 20 80
36 21 84
36 22 286
36 23 281
36 24 273
36 25 423
36 26 315
36 27 270
36 28 139
36 29 127
36 30 137
36 31 84
36 32 53
36 33 109
36 34 603
36 35 428
36 37 572
36 38 643
37 0 326
37 1 8690
37 2 2085
37 3 1144
37 4 367
37 5 379
37 6 1206
37 7 971
37 8 233
37 9 514
37 10 357
37 11 802
37 12 1372
37 13 250
37 14 689
37 15 443
37 16 194
37 17 353
37 18 2289
37 19 360
37 20 173
37 21 204
37 22 569
37 23 626
37 24 593
37 25 875
37 26 643
37 27 548
37 28 290
37 29 274
37 30 303
37 31 198
37 32 101
37 33 156
37 34 642
37 35 392
37 36 572
37 38 1846
38 0 281
38 1 30034
38 2 2509
38 3 967
38 4 251
38 5 173
38 6 776
38 7 650
38 8 153
38 9 369
38 10 242
38 11 482
38 12 992
38 13 181
38 14 509
38 15 311
38 16 139
38 17 262
38 18 1741
38 19 275
38 20 128
38 21 144
38 22 436
38 23 455
38 24 445
38 25 658
38 26 487
38 27 412
38 28 216
38 29 200
38 30 225
38 31 138
38 32 75
38 33 126
38 34 560
38 35 351
38 36 643
38 37 1846
