26 84 650 6154 43077 80000

0 2
0 4
1 2
1 3
1 5
2 0
2 1
2 4
3 1
3 4
3 5
4 0
4 2
4 3
4 11
5 1
5 3
5 6
5 7
6 5
6 7
6 8
6 11
6 16
7 5
7 6
7 21
8 6
8 10
8 15
9 10
9 12
10 8
10 9
10 11
10 15
11 4
11 6
11 10
12 9
12 13
12 14
12 15
13 12
13 15
13 16
13 17
14 12
14 17
15 8
15 10
15 12
15 13
16 6
16 13
16 20
16 23
17 13
17 14
17 19
17 25
18 19
18 22
18 25
19 17
19 18
19 22
20 16
20 23
20 25
21 7
21 23
21 24
22 18
22 19
23 16
23 20
23 21
23 24
24 21
24 23
25 17
25 18
25 20

0 1 240
0 2 544
0 3 24
0 4 468
0 5 40
0 6 40
0 7 44
0 8 24
0 9 52
0 10 32
0 11 68
0 12 56
0 13 40
0 14 36
0 15 28
0 16 36
0 17 40
0 18 68
0 19 28
0 20 32
0 21 28
0 22 60
0 23 32
0 24 44
0 25 60
1 0 240
1 2 1128
1 3 392
1 4 80
1 5 104
1 6 1000
1 7 148
1 8 64
1 9 56
1 10 60
1 11 160
1 12 180
1 13 72
1 14 68
1 15 56
1 16 72
1 17 72
1 18 220
1 19 52
1 20 60
1 21 56
1 22 76
1 23 108
1 24 124
1 25 132
2 0 544
2 1 1128
2 3 56
2 4 184
2 5 60
2 6 552
2 7 56
2 8 52
2 9 36
2 10 40
2 11 88
2 12 680
2 13 48
2 14 44
2 15 396
2 16 44
2 17 48
2 18 112
2 19 36
2 20 40
2 21 36
2 22 44
2 23 40
2 24 56
2 25 1256
3 0 24
3 1 392
3 2 56
3 4 140
3 5 52
3 6 180
3 7 60
3 8 12
3 9 16
3 10 24
3 11 64
3 12 28
3 13 20
3 14 20
3 15 16
3 16 20
3 17 20
3 18 32
3 19 12
3 20 16
3 21 16
3 22 16
3 23 16
3 24 24
3 25 24
4 0 468
4 1 80
4 2 184
4 3 140
4 5 32
4 6 388
4 7 32
4 8 20
4 9 28
4 10 28
4 11 196
4 12 72
4 13 40
4 14 32
4 15 28
4 16 24
4 17 40
4 18 64
4 19 16
4 20 20
4 21 20
4 22 24
4 23 20
4 24 28
4 25 28
5 0 40
5 1 104
5 2 60
5 3 52
5 4 32
5 6 76
5 7 72
5 8 36
5 9 32
5 10 40
5 11 44
5 12 64
5 13 48
5 14 44
5 15 36
5 16 44
5 17 44
5 18 72
5 19 32
5 20 40
5 21 40
5 22 40
5 23 40
5 24 56
5 25 52
6 0 40
6 1 1000
6 2 552
6 3 180
6 4 388
6 5 76
6 7 492
6 8 224
6 9 40
6 10 100
6 11 64
6 12 656
6 13 64
6 14 56
6 15 64
6 16 76
6 17 56
6 18 116
6 19 40
6 20 52
6 21 84
6 22 52
6 23 1028
6 24 72
6 25 924
7 0 44
7 1 148
7 2 56
7 3 60
7 4 32
7 5 72
7 6 492
7 8 64
7 9 44
7 10 72
7 11 44
7 12 100
7 13 72
7 14 60
7 15 56
7 16 76
7 17 64
7 18 124
7 19 44
7 20 60
7 21 320
7 22 60
7 23 220
7 24 96
7 25 80
8 0 24
8 1 64
8 2 52
8 3 12
8 4 20
8 5 36
8 6 224
8 7 64
8 9 28
8 10 204
8 11 60
8 12 60
8 13 44
8 14 36
8 15 92
8 16 44
8 17 36
8 18 68
8 19 24
8 20 32
8 21 80
8 22 32
8 23 36
8 24 40
8 25 52
9 0 52
9 1 56
9 2 36
9 3 16
9 4 28
9 5 32
9 6 40
9 7 44
9 8 28
9 10 84
9 11 68
9 12 180
9 13 56
9 14 52
9 15 44
9 16 44
9 17 52
9 18 76
9 19 32
9 20 36
9 21 28
9 22 44
9 23 36
9 24 44
9 25 56
10 0 32
10 1 60
10 2 40
10 3 24
10 4 28
10 5 40
10 6 100
10 7 72
10 8 204
10 9 84
10 11 216
10 12 768
10 13 64
10 14 52
10 15 196
10 16 60
10 17 52
10 18 80
10 19 32
10 20 44
10 21 40
10 22 44
10 23 44
10 24 52
10 25 72
11 0 68
11 1 160
11 2 88
11 3 64
11 4 196
11 5 44
11 6 64
11 7 44
11 8 60
11 9 68
11 10 216
11 12 120
11 13 36
11 14 32
11 15 28
11 16 36
11 17 36
11 18 80
11 19 24
11 20 28
11 21 28
11 22 32
11 23 28
11 24 36
11 25 40
12 0 56
12 1 180
12 2 680
12 3 28
12 4 72
12 5 64
12 6 656
12 7 100
12 8 60
12 9 180
12 10 768
12 11 120
12 13 308
12 14 236
12 15 140
12 16 120
12 17 356
12 18 844
12 19 76
12 20 108
12 21 64
12 22 96
12 23 212
12 24 96
12 25 708
13 0 40
13 1 72
13 2 48
13 3 20
13 4 40
13 5 48
13 6 64
13 7 72
13 8 44
13 9 56
13 10 64
13 11 36
13 12 308
13 14 120
13 15 140
13 16 136
13 17 196
13 18 144
13 19 60
13 20 88
13 21 52
13 22 76
13 23 96
13 24 80
13 25 132
14 0 36
14 1 68
14 2 44
14 3 20
14 4 32
14 5 44
14 6 56
14 7 60
14 8 36
14 9 52
14 10 52
14 11 32
14 12 236
14 13 120
14 15 60
14 16 80
14 17 288
14 18 164
14 19 68
14 20 72
14 21 44
14 22 84
14 23 64
14 24 72
14 25 120
15 0 28
15 1 56
15 2 396
15 3 16
15 4 28
15 5 36
15 6 64
15 7 56
15 8 92
15 9 44
15 10 196
15 11 28
15 12 140
15 13 140
15 14 60
15 16 120
15 17 64
15 18 88
15 19 36
15 20 52
15 21 40
15 22 48
15 23 56
15 24 56
15 25 68
16 0 36
16 1 72
16 2 44
16 3 20
16 4 24
16 5 44
16 6 76
16 7 76
16 8 44
16 9 44
16 10 60
16 11 36
16 12 120
16 13 136
16 14 80
16 15 120
16 17 84
16 18 124
16 19 52
16 20 96
16 21 76
16 22 64
16 23 184
16 24 84
16 25 100
17 0 40
17 1 72
17 2 48
17 3 20
17 4 40
17 5 44
17 6 56
17 7 64
17 8 36
17 9 52
17 10 52
17 11 36
17 12 356
17 13 196
17 14 288
17 15 64
17 16 84
17 18 516
17 19 96
17 20 92
17 21 48
17 22 108
17 23 80
17 24 76
17 25 236
18 0 68
18 1 220
18 2 112
18 3 32
18 4 64
18 5 72
18 6 116
18 7 124
18 8 68
18 9 76
18 10 80
18 11 80
18 12 844
18 13 144
18 14 164
18 15 88
18 16 124
18 17 516
18 19 372
18 20 148
18 21 80
18 22 672
18 23 164
18 24 284
18 25 1516
19 0 28
19 1 52
19 2 36
19 3 12
19 4 16
19 5 32
19 6 40
19 7 44
19 8 24
19 9 32
19 10 32
19 11 24
19 12 76
19 13 60
19 14 68
19 15 36
19 16 52
19 17 96
19 18 372
19 20 56
19 21 32
19 22 216
19 23 48
19 24 60
19 25 116
20 0 32
20 1 60
20 2 40
20 3 16
20 4 20
20 5 40
20 6 52
20 7 60
20 8 32
20 9 36
20 10 44
20 11 28
20 12 108
20 13 88
20 14 72
20 15 52
20 16 96
20 17 92
20 18 148
20 19 56
20 21 48
20 22 72
20 23 356
20 24 180
20 25 448
21 0 28
21 1 56
21 2 36
21 3 16
21 4 20
21 5 40
21 6 84
21 7 320
21 8 80
21 9 28
21 10 40
21 11 28
21 12 64
21 13 52
21 14 44
21 15 40
21 16 76
21 17 48
21 18 80
21 19 32
21 20 48
21 22 44
21 23 232
21 24 116
21 25 60
22 0 60
22 1 76
22 2 44
22 3 16
22 4 24
22 5 40
22 6 52
22 7 60
22 8 32
22 9 44
22 10 44
22 11 32
22 12 96
22 13 76
22 14 84
22 15 48
22 16 64
22 17 108
22 18 672
22 19 216
22 20 72
22 21 44
22 23 60
22 24 80
22 25 140
23 0 32
23 1 108
23 2 40
23 3 16
23 4 20
23 5 40
23 6 1028
23 7 220
23 8 36
23 9 36
23 10 44
23 11 28
23 12 212
23 13 96
23 14 64
23 15 56
23 16 184
23 17 80
23 18 164
23 19 48
23 20 356
23 21 232
23 22 60
23 24 808
23 25 912
24 0 44
24 1 124
24 2 56
24 3 24
24 4 28
24 5 56
24 6 72
24 7 96
24 8 40
24 9 44
24 10 52
24 11 36
24 12 96
24 13 80
24 14 72
24 15 56
24 16 84
24 17 76
24 18 284
24 19 60
24 20 180
24 21 116
24 22 80
24 23 808
24 25 252
25 0 60
25 1 132
25 2 1256
25 3 24
25 4 28
25 5 52
25 6 924
25 7 80
25 8 52
25 9 56
25 10 72
25 11 40
25 12 708
25 13 132
25 14 120
25 15 68
25 16 100
25 17 236
25 18 1516
25 19 116
25 20 448
25 21 60
25 22 140
25 23 912
25 24 252
